0.0846402860096712,
0.018296526718835086,
0.0437750575370124,
0.03238955368790574,
0.10772176322650225,
0.011227836840112776,
0.023643469967582403,
0.026430828106619526,
0.08956630698939853,
0.001561218150763426,
0.007672746241673479,
0.05577434674781033,
0.030104955866114096,
0.0719479487121524,
0.07199344608861344,
0.03252432893515823,
0.0016834029290581443,
0.07043308637891531,
0.0716180211960545,
0.06606991659100463,
0.03762718877433788,
0.009464312744959735,
0.006411696316744151,
0.0030025406994062735,
0.02019654294337122,
0.004222671600222851